date,Country/Region,Lat,Long,confirmed/per_date,Total_Confirmed,Recovered/date,,,
1/22/2020,Ethiopia,9.145,40.489,0,0,0,0,0,0
1/23/2020,Ethiopia,9.145,40.489,0,0,0,0,0,0
1/24/2020,Ethiopia,9.145,40.489,0,0,0,0,0,0
1/25/2020,Ethiopia,9.145,40.489,0,0,0,0,0,0
1/26/2020,Ethiopia,9.145,40.489,0,0,0,0,0,0
1/27/2020,Ethiopia,9.145,40.489,0,0,0,0,0,0
1/28/2020,Ethiopia,9.145,40.489,0,0,0,0,0,0
1/29/2020,Ethiopia,9.145,40.489,0,0,0,0,0,0
1/30/2020,Ethiopia,9.145,40.489,0,0,0,0,0,0
1/31/2020,Ethiopia,9.145,40.489,0,0,0,0,0,0
2/1/2020,Ethiopia,9.145,40.489,0,0,0,0,0,0
2/2/2020,Ethiopia,9.145,40.489,0,0,0,0,0,0
2/3/2020,Ethiopia,9.145,40.489,0,0,0,0,0,0
2/4/2020,Ethiopia,9.145,40.489,0,0,0,0,0,0
2/5/2020,Ethiopia,9.145,40.489,0,0,0,0,0,0
2/6/2020,Ethiopia,9.145,40.489,0,0,0,0,0,0
2/7/2020,Ethiopia,9.145,40.489,0,0,0,0,0,0
2/8/2020,Ethiopia,9.145,40.489,0,0,0,0,0,0
2/9/2020,Ethiopia,9.145,40.489,0,0,0,0,0,0
2/10/2020,Ethiopia,9.145,40.489,0,0,0,0,0,0
2/11/2020,Ethiopia,9.145,40.489,0,0,0,0,0,0
2/12/2020,Ethiopia,9.145,40.489,0,0,0,0,0,0
2/13/2020,Ethiopia,9.145,40.489,0,0,0,0,0,0
2/14/2020,Ethiopia,9.145,40.489,0,0,0,0,0,0
2/15/2020,Ethiopia,9.145,40.489,0,0,0,0,0,0
2/16/2020,Ethiopia,9.145,40.489,0,0,0,0,0,0
2/17/2020,Ethiopia,9.145,40.489,0,0,0,0,0,0
2/18/2020,Ethiopia,9.145,40.489,0,0,0,0,0,0
2/19/2020,Ethiopia,9.145,40.489,0,0,0,0,0,0
2/20/2020,Ethiopia,9.145,40.489,0,0,0,0,0,0
2/21/2020,Ethiopia,9.145,40.489,0,0,0,0,0,0
2/22/2020,Ethiopia,9.145,40.489,0,0,0,0,0,0
2/23/2020,Ethiopia,9.145,40.489,0,0,0,0,0,0
2/24/2020,Ethiopia,9.145,40.489,0,0,0,0,0,0
2/25/2020,Ethiopia,9.145,40.489,0,0,0,0,0,0
2/26/2020,Ethiopia,9.145,40.489,0,0,0,0,0,0
2/27/2020,Ethiopia,9.145,40.489,0,0,0,0,0,0
2/28/2020,Ethiopia,9.145,40.489,0,0,0,0,0,0
2/29/2020,Ethiopia,9.145,40.489,0,0,0,0,0,0
3/1/2020,Ethiopia,9.145,40.489,0,0,0,0,0,0
3/2/2020,Ethiopia,9.145,40.489,0,0,0,0,0,0
3/3/2020,Ethiopia,9.145,40.489,0,0,0,0,0,0
3/4/2020,Ethiopia,9.145,40.489,0,0,0,0,0,0
3/5/2020,Ethiopia,9.145,40.489,0,0,0,0,0,0
3/6/2020,Ethiopia,9.145,40.489,0,0,0,0,0,0
3/7/2020,Ethiopia,9.145,40.489,0,0,0,0,0,0
3/8/2020,Ethiopia,9.145,40.489,0,0,0,0,0,0
3/9/2020,Ethiopia,9.145,40.489,0,0,0,0,0,0
3/10/2020,Ethiopia,9.145,40.489,0,0,0,0,0,0
3/11/2020,Ethiopia,9.145,40.489,0,0,0,0,0,0
3/12/2020,Ethiopia,9.145,40.489,0,0,0,0,0,0
3/13/2020,Ethiopia,9.145,40.489,1,1,0,0,0,0
3/14/2020,Ethiopia,9.145,40.489,0,1,0,0,0,0
3/15/2020,Ethiopia,9.145,40.489,0,1,0,0,0,0
3/16/2020,Ethiopia,9.145,40.489,4,5,0,0,0,0
3/17/2020,Ethiopia,9.145,40.489,0,5,0,0,0,0
3/18/2020,Ethiopia,9.145,40.489,1,6,0,0,0,0
3/19/2020,Ethiopia,9.145,40.489,0,6,0,0,0,0
3/20/2020,Ethiopia,9.145,40.489,3,9,0,0,0,0
3/21/2020,Ethiopia,9.145,40.489,0,9,0,0,0,0
3/22/2020,Ethiopia,9.145,40.489,2,11,4,4,0,0
3/23/2020,Ethiopia,9.145,40.489,0,11,0,4,0,0
3/24/2020,Ethiopia,9.145,40.489,1,12,0,4,0,0
3/25/2020,Ethiopia,9.145,40.489,0,12,0,4,0,0
3/26/2020,Ethiopia,9.145,40.489,0,12,0,4,0,0
3/27/2020,Ethiopia,9.145,40.489,4,16,0,4,0,0
3/28/2020,Ethiopia,9.145,40.489,0,16,1,5,0,0
3/29/2020,Ethiopia,9.145,40.489,5,21,0,5,0,0
3/30/2020,Ethiopia,9.145,40.489,2,23,0,5,0,0
3/31/2020,Ethiopia,9.145,40.489,3,26,2,7,0,0
4/1/2020,Ethiopia,9.145,40.489,3,29,0,7,0,0
4/2/2020,Ethiopia,9.145,40.489,0,29,3,10,0,0
4/3/2020,Ethiopia,9.145,40.489,6,35,0,10,0,0
4/4/2020,Ethiopia,9.145,40.489,3,38,0,10,0,0
4/5/2020,Ethiopia,9.145,40.489,5,43,0,10,2,2
4/6/2020,Ethiopia,9.145,40.489,1,44,0,10,0,2
4/7/2020,Ethiopia,9.145,40.489,8,52,0,10,0,2
4/8/2020,Ethiopia,9.145,40.489,3,55,0,10,0,2
4/9/2020,Ethiopia,9.145,40.489,1,56,0,10,0,2
4/10/2020,Ethiopia,9.145,40.489,9,65,0,10,1,3
4/11/2020,Ethiopia,9.145,40.489,4,69,0,10,0,3
4/12/2020,Ethiopia,9.145,40.489,3,71,0,10,0,3
4/13/2020,Ethiopia,9.145,40.489,3,74,4,14,0,3
4/14/2020,Ethiopia,9.145,40.489,8,82,0,14,0,3
4/15/2020,Ethiopia,9.145,40.489,3,85,1,15,0,3
4/16/2020,Ethiopia,9.145,40.489,7,92,0,15,0,3
4/17/2020,Ethiopia,9.145,40.489,4,96,0,15,0,3
4/18/2020,Ethiopia,9.145,40.489,9,105,1,16,0,3
4/19/2020,Ethiopia,9.145,40.489,3,108,0,16,0,3
4/20/2020,Ethiopia,9.145,40.489,3,111,0,16,0,3
4/21/2020,Ethiopia,9.145,40.489,3,114,0,16,0,3
4/22/2020,Ethiopia,9.145,40.489,2,116,5,21,0,3
4/23/2020,Ethiopia,9.145,40.489,0,116,0,21,0,3
4/24/2020,Ethiopia,9.145,40.489,1,117,4,25,0,3
4/25/2020,Ethiopia,9.145,40.489,5,122,4,29,0,3
4/26/2020,Ethiopia,9.145,40.489,1,123,12,41,0,3
4/27/2020,Ethiopia,9.145,40.489,1,124,9,50,0,3
4/28/2020,Ethiopia,9.145,40.489,2,126,0,50,0,3
4/29/2020,Ethiopia,9.145,40.489,4,130,8,58,0,3
4/30/2020,Ethiopia,9.145,40.489,1,131,1,59,0,3
5/1/2020,Ethiopia,9.145,40.489,2,133,7,66,0,3
5/2/2020,Ethiopia,9.145,40.489,0,133,3,69,0,3
5/3/2020,Ethiopia,9.145,40.489,2,135,6,75,0,3
5/4/2020,Ethiopia,9.145,40.489,5,140,0,75,0,3
5/5/2020,Ethiopia,9.145,40.489,5,145,16,91,1,4
5/6/2020,Ethiopia,9.145,40.489,7,162,2,93,0,4
5/7/2020,Ethiopia,9.145,40.489,29,191,0,93,0,4
5/8/2020,Ethiopia,9.145,40.489,3,194,2,95,0,4
5/9/2020,Ethiopia,9.145,40.489,16,210,2,97,1,5
5/10/2020,Ethiopia,9.145,40.489,29,239,2,99,0,5
5/11/2020,Ethiopia,9.145,40.489,11,250,4,105,0,5
5/12/2020,Ethiopia,9.145,40.489,11,261,1,106,0,5
5/13/2020,Ethiopia,9.145,40.489,2,263,2,108,0,5
5/14/2020,Ethiopia,9.145,40.489,9,272,0,108,0,5
5/15/2020,Ethiopia,9.145,40.489,15,287,4,112,0,5
5/16/2020,Ethiopia,9.145,40.489,19,306,1,113,0,5
5/17/2020,Ethiopia,9.145,40.489,11,317,0,113,0,5
5/18/2020,Ethiopia,9.145,40.489,35,352,3,116,0,5
5/19/2020,Ethiopia,9.145,40.489,12,365,4,120,0,5
5/20/2020,Ethiopia,9.145,40.489,24,389,2,122,0,5
5/21/2020,Ethiopia,9.145,40.489,10,399,1,123,0,5
5/22/2020,Ethiopia,9.145,40.489,34,433,5,128,0,5
5/23/2020,Ethiopia,9.145,40.489,61,494,23,151,0,5
5/24/2020,Ethiopia,9.145,40.489,88,582,1,152,0,5
5/25/2020,Ethiopia,9.145,40.489,73,655,7,159,0,5
5/26/2020,Ethiopia,9.145,40.489,46,701,8,167,1,6
5/27/2020,Ethiopia,9.145,40.489,30,731,14,181,0,6
5/28/2020,Ethiopia,9.145,40.489,100,831,10,191,1,7
5/29/2020,Ethiopia,9.145,40.489,137,968,6,197,1,8
5/30/2020,Ethiopia,9.145,40.489,95,1063,11,208,0,8
5/31/2020,Ethiopia,9.145,40.489,109,1172,1,209,3,11
6/1/2020,Ethiopia,9.145,40.489,85,1257,8,217,1,12
6/2/2020,Ethiopia,9.145,40.489,87,1344,14,231,2,14
6/3/2020,Ethiopia,9.145,40.489,142,1486,15,246,3,17
6/4/2020,Ethiopia,9.145,40.489,150,1636,4,250,1,18
6/5/2020,Ethiopia,9.145,40.489,169,1805,12,262,1,19
6/6/2020,Ethiopia,9.145,40.489,129,1934,19,281,1,20
6/7/2020,Ethiopia,9.145,40.489,86,2020,63,344,7,27
6/8/2020,Ethiopia,9.145,40.489,136,2156,17,361,0,27
6/9/2020,Ethiopia,9.145,40.489,180,2336,18,379,5,32
6/10/2020,Ethiopia,9.145,40.489,170,2506,22,401,3,35
6/11/2020,Ethiopia,9.145,40.489,164,2670,33,434,5,40
6/12/2020,Ethiopia,9.145,40.489,245,2915,17,451,7,47
6/13/2020,Ethiopia,9.145,40.489,268,3183,44,495,8,55
6/14/2020,Ethiopia,9.145,40.489,179,3362,50,545,2,57
6/15/2020,Ethiopia,9.145,40.489,176,3538,75,620,3,60
6/16/2020,Ethiopia,9.145,40.489,109,3647,118,738,1,61
6/17/2020,Ethiopia,9.145,40.489,129,3776,111,849,2,63
6/18/2020,Ethiopia,9.145,40.489,195,3971,85,934,2,65
6/19/2020,Ethiopia,9.145,40.489,116,4087,93,1027,7,72
6/20/2020,Ethiopia,9.145,40.489,399,4486,95,1122,0,72
6/21/2020,Ethiopia,9.145,40.489,63,4549,91,1213,2,74
6/22/2020,Ethiopia,9.145,40.489,131,4680,84,1297,1,75
6/23/2020,Ethiopia,9.145,40.489,185,4865,115,1412,0,75
6/24/2020,Ethiopia,9.145,40.489,186,5051,74,1486,3,78
6/25/2020,Ethiopia,9.145,40.489,141,5192,58,1544,3,81
6/26/2020,Ethiopia,9.145,40.489,250,5442,144,1688,8,89
6/27/2020,Ethiopia,9.145,40.489,145,5587,327,2015,5,94
6/28/2020,Ethiopia,9.145,40.489,119,5706,117,2132,4,98
6/29/2020,Ethiopia,9.145,40.489,157,5863,298,2430,5,103
6/30/2020,Ethiopia,9.145,40.489,157,5706,298,2440,4,98
7/1/2020,Ethiopia,9.145,40.489,157,5706,298,2450,4,98
7/2/2020,Ethiopia,9.145,40.489,157,5706,298,2460,4,98
7/3/2020,Ethiopia,9.145,40.489,157,5706,298,2470,4,98
7/4/2020,Ethiopia,9.145,40.489,157,5706,298,2480,4,98
7/5/2020,Ethiopia,9.145,40.489,157,5706,298,2490,4,98
7/6/2020,Ethiopia,9.145,40.489,157,5706,298,2530,4,98
7/7/2020,Ethiopia,9.145,40.489,157,5706,298,2630,4,98
7/8/2020,Ethiopia,9.145,40.489,157,5706,298,2730,4,98
7/9/2020,Ethiopia,9.145,40.489,157,5706,298,2830,4,98
7/10/2020,Ethiopia,9.145,40.489,157,5706,298,2930,4,98
7/11/2020,Ethiopia,9.145,40.489,157,5706,298,3030,4,98
7/12/2020,Ethiopia,9.145,40.489,157,5706,298,3130,4,98
7/13/2020,Ethiopia,9.145,40.489,157,5706,298,3230,4,98
7/14/2020,Ethiopia,9.145,40.489,157,5706,298,3430,4,98
7/15/2020,Ethiopia,9.145,40.489,157,5706,298,4130,4,98
7/16/2020,Ethiopia,9.145,40.489,157,5706,298,4530,4,98
7/17/2020,Ethiopia,9.145,40.489,760,12693,140,5785,3,200
7/18/2020,Ethiopia,9.145,40.489,119,12693,117,5786,4,200
7/19/2020,Ethiopia,9.145,40.489,119,12693,117,5787,4,200
7/20/2020,Ethiopia,9.145,40.489,119,12693,117,5788,4,200
7/21/2020,Ethiopia,9.145,40.489,119,12693,117,5789,4,200
7/22/2020,Ethiopia,9.145,40.489,119,12700,117,5790,4,200
7/23/2020,Ethiopia,9.145,40.489,119,12700,117,5800,4,210
7/24/2020,Ethiopia,9.145,40.489,119,12700,117,5885,4,215
7/25/2020,Ethiopia,9.145,40.489,119,13306,117,5895,4,215
7/26/2020,Ethiopia,9.145,40.489,119,13700,117,6285,4,2220
7/27/2020,Ethiopia,9.145,40.489,579,14547,170,6386,5,228
7/28/2020,Ethiopia,9.145,40.489,653,15200,170,6526,11,239
7/29/2020,Ethiopia,9.145,40.489,610,15810,159,6685,14,253
7/30/2020,Ethiopia,9.145,40.489,805,16615,78,6763,10,263
7/31/2020,Ethiopia,9.145,40.489,915,17530,187,6950,11,274
8/1/2020,Ethiopia,9.145,40.489,469,17999,245,7195,10,284
8/2/2020,Ethiopia,9.145,40.489,707,18706,406,7601,28,310
8/3/2020,Ethiopia,9.145,40.489,583,19289,330,7931,26,336
8/4/2020,Ethiopia,9.145,40.489,588,19877,309,8240,7,343
8/5/2020,Ethiopia,9.145,40.489,459,20336,358,8598,13,356
8/6/2020,Ethiopia,9.145,40.489,564,20900,429,9027,9,365
8/7/2020,Ethiopia,9.145,40.489,552,21452,388,9415,15,380
8/8/2020,Ethiopia,9.145,40.489,801,22253,292,9707,10,390
8/9/2020,Ethiopia,9.145,40.489,565,22818,499,10206,17,407
8/10/2020,Ethiopia,9.145,40.489,773,23591,205,10411,13,420
8/11/2020,Ethiopia,9.145,40.489,584,24175,285,10696,20,440
8/12/2020,Ethiopia,9.145,40.489,943,25118,338,11034,23,463
8/13/2020,Ethiopia,9.145,40.489,1086,26204,394,11428,16,479
8/14/2020,Ethiopia,9.145,40.489,1038,27242,232,11660,13,492
8/15/2020,Ethiopia,9.145,40.489,1652,28894,377,12037,17,509
8/16/2020,Ethiopia,9.145,40.489,982,29876,322,12359,19,528
8/17/2020,Ethiopia,9.145,40.489,1460,31336,165,12524,16,544
8/18/2020,Ethiopia,9.145,40.489,1386,32722,414,12938,28,572
8/19/2020,Ethiopia,9.145,40.489,1336,34058,370,13308,28,600
8/20/2020,Ethiopia,9.145,40.489,1778,35836,228,13536,20,620
8/21/2020,Ethiopia,9.145,40.489,1829,37665,377,13913,17,637
8/22/2020,Ethiopia,9.145,40.489,1368,39033,567,14480,25,662
8/23/2020,Ethiopia,9.145,40.489,1638,40671,515,14995,16,678
8/24/2020,Ethiopia,9.145,40.489,1472,42143,267,15262,14,692
8/25/2020,Ethiopia,9.145,40.489,1545,43688,534,15796,17,709
8/26/2020,Ethiopia,9.145,40.489,1533,45221,515,16311,16,725
8/27/2020,Ethiopia,9.145,40.489,1186,46407,518,16829,20,745
8/28/2020,Ethiopia,9.145,40.489,1733,48140,586,17425,13,758
8/29/2020,Ethiopia,9.145,40.489,1514,49654,701,18116,12,770
8/30/2020,Ethiopia,9.145,40.489,1468,51122,266,18382,23,793
8/31/2020,Ethiopia,9.145,40.489,1009,52131,612,18004,16,809
9/1/2020,Ethiopia,9.145,40.489,1173,53304,493,19487,19,828
9/2/2020,Ethiopia,9.145,40.489,1105,54409,416,18903,18,846
9/3/2020,Ethiopia,9.145,40.489,804,55213,380,20283,10,856
9/4/2020,Ethiopia,9.145,40.489,1303,56516,329,20612,24,880
9/5/2020,Ethiopia,9.145,40.489,950,57466,164,20776,17,897
9/6/2020,Ethiopia,9.145,40.489,1206,58672,531,21307,21,920
9/7/2020,Ethiopia,9.145,40.489,976,59648,482,21789,15,933
9/8/2020,Ethiopia,9.145,40.489,1136,60784,888,22677,16,949
9/9/2020,Ethiopia,9.145,40.489,916,61700,377,23054,17,966
9/10/2020,Ethiopia,9.145,40.489,878,62578,586,23640,8,974
9/11/2020,Ethiopia,9.145,40.489,789,63367,384,24024,12,986
9/12/2020,Ethiopia,9.145,40.489,521,63888,469,24493,10,996
9/13/2020,Ethiopia,9.145,40.489,413,64301,490,24983,17,1013
9/14/2020,Ethiopia,9.145,40.489,485,64786,350,25333,9,1022
9/15/2020,Ethiopia,9.145,40.489,700,65486,655,25988,13,1035
9/16/2020,Ethiopia,9.145,40.489,738,66224,677,26665,10,1045
9/17/2020,Ethiopia,9.145,40.489,689,66913,420,27085,15,1060
9/18/2020,Ethiopia,9.145,40.489,602,67515,553,27638,12,1072
9/19/2020,Ethiopia,9.145,40.489,616,68131,301,27939,17,1089
9/20/2020,Ethiopia,9.145,40.489,689,68820,375,28314,7,1096
9/21/2020,Ethiopia,9.145,40.489,889,69709,320,28364,12,1108
9/22/2020,Ethiopia,9.145,40.489,713,70422,357,28991,19,1127
9/23/2020,Ethiopia,9.145,40.489,661,71083,262,29253,14,1141
9/24/2020,Ethiopia,9.145,40.489,604,71687,208,29461,7,1148
9/25/2020,Ethiopia,9.145,40.489,486,72173,402,29863,7,1155
9/26/2020,Ethiopia,9.145,40.489,527,72700,166,30029,10,1165
9/27/2020,Ethiopia,9.145,40.489,632,73332,334,30363,5,1170
9/28/2020,Ethiopia,9.145,40.489,612,73944,390,30753,7,1177
9/29/2020,Ethiopia,9.145,40.489,640,74584,199,30952,14,1191
9/30/2020,Ethiopia,9.145,40.489,784,75368,199,31204,7,1198
10/1/2020,Ethiopia,9.145,40.489,730,76098,226,31430,7,1205
10/2/2020,Ethiopia,9.145,40.489,890,76988,247,31677,3,1208
10/3/2020,Ethiopia,9.145,40.489,872,77680,648,32325,6,1214
10/4/2020,Ethiopia,9.145,40.489,959,78819,735,33060,8,1222
10/5/2020,Ethiopia,9.145,40.489,618,79437,959,34016,8,1230
10/6/2020,Ethiopia,9.145,40.489,566,80003,944,34690,8,1238
10/7/2020,Ethiopia,9.145,40.489,892,80895,710,35670,17,1255
10/8/2020,Ethiopia,9.145,40.489,902,81797,764,36434,7,1262
10/9/2020,Ethiopia,9.145,40.489,865,82662,668,37102,9,1271
10/10/2020,Ethiopia,9.145,40.489,767,83429,581,37683,6,1277
10/11/2020,Ethiopia,9.145,40.489,866,83295,633,38318,10,1287
10/12/2020,Ethiopia,9.145,40.489,841,85136,588,38904,14,1301
10/13/2020,Ethiopia,9.145,40.489,582,85718,403,39307,4,1305
10/14/2020,Ethiopia,9.145,40.489,712,86430,858,40165,7,1312
10/15/2020,Ethiopia,9.145,40.489,739,87169,823,40988,13,1325
10/16/2020,Ethiopia,9.145,40.489,665,87834,640,41628,12,1337
10/17/2020,Ethiopia,9.145,40.489,600,88434,471,42099,9,1346
10/18/2020,Ethiopia,9.145,40.489,703,89137,550,42649,6,1352
10/19/2020,Ethiopia,9.145,40.489,723,89860,500,42149,13,1365
10/20/2020,Ethiopia,9.145,40.489,630,90490,489,43638,6,1371
10/21/2020,Ethiopia,9.145,40.489,628,91118,868,44306,13,1384
10/22/2020,Ethiopia,9.145,40.489,575,91693,754,45260,12,1396
10/23/2020,Ethiopia,9.145,40.489,536,92229,858,46118,4,1400
10/24/2020,Ethiopia,9.145,40.489,629,92858,724,46842,19,1419
10/25/2020,Ethiopia,9.145,40.489,485,93343,701,47543,7,1426
